narrowBand = [0 0 0 0 0 0 0 0 0 0 0 0;
0 0 0 0 0 0 1 1 0 0 0 0;
0 0 0 0 0 1 1 1 0 0 0 0;
0 0 0 0 1 1 1 1 0 0 0 0;
0 0 0 0 1 1 0 1 0 0 0 0;
0 0 0 1 1 0 0 1 0 0 0 0;
0 0 0 1 1 0 0 1 0 0 0 0;
0 0 0 1 1 1 1 1 1 1 0 0;
0 0 0 0 0 0 0 1 0 0 0 0;
0 0 0 0 0 0 0 1 0 0 0 0;
0 0 0 0 0 0 0 0 0 0 0 0;
0 0 0 0 0 0 0 0 0 0 0 0;
theta1_output = [0.000000 0.000000 0.000000 0.000000 0.000000 0.000000 0.000000 0.000000 0.000000 0.000000 0.000000 0.000000;
0.000000 0.000000 0.000000 0.000000 0.000000 0.000000 -14.677545 -14.281291 0.000000 0.000000 0.000000 0.000000;
0.000000 0.000000 0.000000 0.000000 0.000000 -13.671958 -15.131404 -15.766319 0.000000 0.000000 0.000000 0.000000;
0.000000 0.000000 0.000000 0.000000 -10.552556 -12.271917 -14.542449 -17.288470 0.000000 0.000000 0.000000 0.000000;
0.000000 0.000000 0.000000 0.000000 -7.606681 -9.976150 0.000000 -21.986221 0.000000 0.000000 0.000000 0.000000;
0.000000 0.000000 0.000000 -0.249840 -2.348629 0.000000 0.000000 -26.678579 0.000000 0.000000 0.000000 0.000000;
0.000000 0.000000 0.000000 1.923057 1.537121 0.000000 0.000000 -31.359022 0.000000 0.000000 0.000000 0.000000;
0.000000 0.000000 0.000000 3.503283 5.106126 10.399352 15.686336 20.411920 20.072803 19.850706 0.000000 0.000000;
0.000000 0.000000 0.000000 0.000000 0.000000 0.000000 0.000000 20.718514 0.000000 0.000000 0.000000 0.000000;
0.000000 0.000000 0.000000 0.000000 0.000000 0.000000 0.000000 20.929773 0.000000 0.000000 0.000000 0.000000;
0.000000 0.000000 0.000000 0.000000 0.000000 0.000000 0.000000 0.000000 0.000000 0.000000 0.000000 0.000000;
0.000000 0.000000 0.000000 0.000000 0.000000 0.000000 0.000000 0.000000 0.000000 0.000000 0.000000 0.000000;
theta2_output = [0.000000 0.000000 0.000000 0.000000 0.000000 0.000000 0.000000 0.000000 0.000000 0.000000 0.000000 0.000000;
0.000000 0.000000 0.000000 0.000000 0.000000 0.000000 3.456396 2.428641 0.000000 0.000000 0.000000 0.000000;
0.000000 0.000000 0.000000 0.000000 0.000000 3.464864 3.894722 3.340258 0.000000 0.000000 0.000000 0.000000;
0.000000 0.000000 0.000000 0.000000 4.322736 4.227031 3.382737 3.136372 0.000000 0.000000 0.000000 0.000000;
0.000000 0.000000 0.000000 0.000000 3.180542 3.684304 0.000000 3.114984 0.000000 0.000000 0.000000 0.000000;
0.000000 0.000000 0.000000 2.716821 3.972243 0.000000 0.000000 3.082812 0.000000 0.000000 0.000000 0.000000;
0.000000 0.000000 0.000000 2.152120 2.801834 0.000000 0.000000 3.026808 0.000000 0.000000 0.000000 0.000000;
0.000000 0.000000 0.000000 1.787714 2.341658 3.240609 2.886051 3.044855 2.121146 2.112139 0.000000 0.000000;
0.000000 0.000000 0.000000 0.000000 0.000000 0.000000 0.000000 4.106173 0.000000 0.000000 0.000000 0.000000;
0.000000 0.000000 0.000000 0.000000 0.000000 0.000000 0.000000 4.126732 0.000000 0.000000 0.000000 0.000000;
0.000000 0.000000 0.000000 0.000000 0.000000 0.000000 0.000000 0.000000 0.000000 0.000000 0.000000 0.000000;
0.000000 0.000000 0.000000 0.000000 0.000000 0.000000 0.000000 0.000000 0.000000 0.000000 0.000000 0.000000;
